60444
63444
51544
52544
56544
23529
23349
23419
23399
23559
58544
23379
23409
23499
23369
23359
23459
23539
23389
23569
61444
23489
23509
54544
23449
23439
62544
23519
59544
23479
23549
23579
23584
23599
60424
63424
51524
52524
56524
23527
23347
23417
23397
23557
58524
23377
23407
23497
23367
23357
23457
23537
23387
23567
61424
23487
23507
54524
23447
23437
62524
23517
59524
23477
23547
23577
23582
23597
60454
63454
51554
52554
56554
23530
23350
23420
23400
23560
58554
23380
23410
23500
23370
23360
23460
23540
23390
23570
61454
23490
23510
54554
23450
23440
62554
23520
59554
23480
23550
23580
23585
23600
60414
63414
51514
52514
56514
23526
23346
23416
23396
23556
58514
23376
23406
23496
23366
23356
23456
23536
23386
23566
61414
23486
23506
54514
23446
23436
62514
23516
59514
23476
23546
23576
23581
23596
60434
63434
51534
52534
56534
23528
23348
23418
23398
23558
58534
23378
23408
23498
23368
23358
23458
23538
23388
23568
61434
23488
23508
54534
23448
23438
62534
23518
59534
23478
23548
23578
83534
84534
85534
87534
86534
23583
23598