2314
4302
1313
4402
5001
1401
3001
3201
5301
1301
3301
2301
4303
2201
1314
4304
1201
3302
1202
3303
2202
5312
3304
3309
1001
4404
5202
3406
5406
5310
5302
2302
3307
1302
4305
2203
1312
1204
1405
5311
5313
3202
4313
1204
4001
3101
1303
2312
3310
1304
2303
3305
5401
2313
5203
5303
5403
4202
1407
4312
4315
2101
5204
5101
4408
4314
1404
3402
5304
2304
4306
1305
3306
2305
4203
4204
2408
4307
2306
5305
1306
3308
4308
1307
4309
5306
2310
4101
2307
4205
1101
2205
1205
5402
1402
4401
2401
3403
4206
2311
5304
2405
3405
1403
1311
1308
2308
1309
3311
1310
4301
2404
4310
5308
5205
4407
1206
5206
3401
2001
3312
2206
3203
2309
4311
5309
2402